Fig 1b: Skeie, R. B., Berntsen, T. K., Myhre, G., Tanaka, K., Kvalevåg, M. M., and Hoyle, C. R.: Anthropogenic radiative forcing time series from pre-industrial times until 2010, Atmos. Chem. Phys. , 11, 11827-11857, 10.5194/acp-11-11827-2011, 2011. 
'Year'	'SO_4'	'BC FFBF'	'OC FFBF'	'SOA'	'BIO'	'NO_3'	'TOT'	'SUM'
1750.000000	0.000000	0.000000	0.000000	0.000000	0.000000	0.000000	0.000000	0.000000
1751.000000	-0.000212	0.000547	-0.000312	-0.000206	-0.000540	-0.000111	-0.000807	-0.000834
1752.000000	-0.000424	0.001095	-0.000624	-0.000412	-0.001081	-0.000221	-0.001613	-0.001668
1753.000000	-0.000636	0.001642	-0.000936	-0.000618	-0.001621	-0.000332	-0.002420	-0.002501
1754.000000	-0.000848	0.002190	-0.001248	-0.000824	-0.002161	-0.000442	-0.003227	-0.003335
1755.000000	-0.001061	0.002737	-0.001560	-0.001030	-0.002702	-0.000553	-0.004034	-0.004169
1756.000000	-0.001273	0.003285	-0.001872	-0.001236	-0.003242	-0.000663	-0.004840	-0.005003
1757.000000	-0.001485	0.003832	-0.002185	-0.001442	-0.003783	-0.000774	-0.005647	-0.005836
1758.000000	-0.001697	0.004379	-0.002497	-0.001648	-0.004323	-0.000885	-0.006454	-0.006670
1759.000000	-0.001909	0.004927	-0.002809	-0.001854	-0.004863	-0.000995	-0.007261	-0.007504
1760.000000	-0.002121	0.005474	-0.003121	-0.002061	-0.005404	-0.001106	-0.008067	-0.008338
1761.000000	-0.002333	0.006022	-0.003433	-0.002267	-0.005944	-0.001216	-0.008874	-0.009171
1762.000000	-0.002545	0.006569	-0.003745	-0.002473	-0.006484	-0.001327	-0.009681	-0.010005
1763.000000	-0.002757	0.007117	-0.004057	-0.002679	-0.007025	-0.001438	-0.010488	-0.010839
1764.000000	-0.002970	0.007664	-0.004369	-0.002885	-0.007565	-0.001548	-0.011294	-0.011673
1765.000000	-0.003182	0.008211	-0.004681	-0.003091	-0.008106	-0.001659	-0.012101	-0.012506
1766.000000	-0.003394	0.008759	-0.004993	-0.003297	-0.008646	-0.001769	-0.012908	-0.013340
1767.000000	-0.003606	0.009306	-0.005305	-0.003503	-0.009186	-0.001880	-0.013715	-0.014174
1768.000000	-0.003818	0.009854	-0.005617	-0.003709	-0.009727	-0.001990	-0.014521	-0.015008
1769.000000	-0.004030	0.010401	-0.005929	-0.003915	-0.010267	-0.002101	-0.015328	-0.015841
1770.000000	-0.004242	0.010949	-0.006242	-0.004121	-0.010807	-0.002212	-0.016135	-0.016675
1771.000000	-0.004454	0.011496	-0.006554	-0.004327	-0.011348	-0.002322	-0.016942	-0.017509
1772.000000	-0.004667	0.012044	-0.006866	-0.004533	-0.011888	-0.002433	-0.017748	-0.018343
1773.000000	-0.004879	0.012591	-0.007178	-0.004739	-0.012428	-0.002543	-0.018555	-0.019176
1774.000000	-0.005091	0.013138	-0.007490	-0.004945	-0.012969	-0.002654	-0.019362	-0.020010
1775.000000	-0.005303	0.013686	-0.007802	-0.005151	-0.013509	-0.002764	-0.020169	-0.020844
1776.000000	-0.005515	0.014233	-0.008114	-0.005357	-0.014050	-0.002875	-0.020975	-0.021678
1777.000000	-0.005727	0.014781	-0.008426	-0.005563	-0.014590	-0.002986	-0.021782	-0.022512
1778.000000	-0.005939	0.015328	-0.008738	-0.005770	-0.015130	-0.003096	-0.022589	-0.023345
1779.000000	-0.006151	0.015876	-0.009050	-0.005976	-0.015671	-0.003207	-0.023396	-0.024179
1780.000000	-0.006363	0.016423	-0.009362	-0.006182	-0.016211	-0.003317	-0.024202	-0.025013
1781.000000	-0.006576	0.016970	-0.009674	-0.006388	-0.016751	-0.003428	-0.025009	-0.025847
1782.000000	-0.006788	0.017518	-0.009986	-0.006594	-0.017292	-0.003539	-0.025816	-0.026680
1783.000000	-0.007000	0.018065	-0.010299	-0.006800	-0.017832	-0.003649	-0.026623	-0.027514
1784.000000	-0.007212	0.018613	-0.010611	-0.007006	-0.018373	-0.003760	-0.027429	-0.028348
1785.000000	-0.007424	0.019160	-0.010923	-0.007212	-0.018913	-0.003870	-0.028236	-0.029182
1786.000000	-0.007636	0.019708	-0.011235	-0.007418	-0.019453	-0.003981	-0.029043	-0.030015
1787.000000	-0.007848	0.020255	-0.011547	-0.007624	-0.019994	-0.004091	-0.029849	-0.030849
1788.000000	-0.008060	0.020802	-0.011859	-0.007830	-0.020534	-0.004202	-0.030656	-0.031683
1789.000000	-0.008272	0.021350	-0.012171	-0.008036	-0.021074	-0.004313	-0.031463	-0.032517
1790.000000	-0.008485	0.021897	-0.012483	-0.008242	-0.021615	-0.004423	-0.032270	-0.033350
1791.000000	-0.008697	0.022445	-0.012795	-0.008448	-0.022155	-0.004534	-0.033076	-0.034184
1792.000000	-0.008909	0.022992	-0.013107	-0.008654	-0.022695	-0.004644	-0.033883	-0.035018
1793.000000	-0.009121	0.023540	-0.013419	-0.008860	-0.023236	-0.004755	-0.034690	-0.035852
1794.000000	-0.009333	0.024087	-0.013731	-0.009066	-0.023776	-0.004865	-0.035497	-0.036685
1795.000000	-0.009545	0.024634	-0.014043	-0.009272	-0.024317	-0.004976	-0.036303	-0.037519
1796.000000	-0.009757	0.025182	-0.014355	-0.009478	-0.024857	-0.005087	-0.037110	-0.038353
1797.000000	-0.009969	0.025729	-0.014668	-0.009685	-0.025397	-0.005197	-0.037917	-0.039187
1798.000000	-0.010181	0.026277	-0.014980	-0.009891	-0.025938	-0.005308	-0.038724	-0.040020
1799.000000	-0.010394	0.026824	-0.015292	-0.010097	-0.026478	-0.005418	-0.039530	-0.040854
1800.000000	-0.010606	0.027372	-0.015604	-0.010303	-0.027018	-0.005529	-0.040337	-0.041688
1801.000000	-0.010818	0.027919	-0.015916	-0.010509	-0.027559	-0.005640	-0.041144	-0.042522
1802.000000	-0.011030	0.028466	-0.016228	-0.010715	-0.028099	-0.005750	-0.041951	-0.043356
1803.000000	-0.011242	0.029014	-0.016540	-0.010921	-0.028640	-0.005861	-0.042757	-0.044189
1804.000000	-0.011454	0.029561	-0.016852	-0.011127	-0.029180	-0.005971	-0.043564	-0.045023
1805.000000	-0.011666	0.030109	-0.017164	-0.011333	-0.029720	-0.006082	-0.044371	-0.045857
1806.000000	-0.011878	0.030656	-0.017476	-0.011539	-0.030261	-0.006192	-0.045178	-0.046691
1807.000000	-0.012090	0.031204	-0.017788	-0.011745	-0.030801	-0.006303	-0.045984	-0.047524
1808.000000	-0.012303	0.031751	-0.018100	-0.011951	-0.031341	-0.006414	-0.046791	-0.048358
1809.000000	-0.012515	0.032298	-0.018412	-0.012157	-0.031882	-0.006524	-0.047598	-0.049192
1810.000000	-0.012727	0.032846	-0.018725	-0.012363	-0.032422	-0.006635	-0.048405	-0.050026
1811.000000	-0.012939	0.033393	-0.019037	-0.012569	-0.032963	-0.006745	-0.049211	-0.050859
1812.000000	-0.013151	0.033941	-0.019349	-0.012775	-0.033503	-0.006856	-0.050018	-0.051693
1813.000000	-0.013363	0.034488	-0.019661	-0.012981	-0.034043	-0.006966	-0.050825	-0.052527
1814.000000	-0.013575	0.035036	-0.019973	-0.013187	-0.034584	-0.007077	-0.051632	-0.053361
1815.000000	-0.013787	0.035583	-0.020285	-0.013394	-0.035124	-0.007188	-0.052438	-0.054194
1816.000000	-0.014000	0.036131	-0.020597	-0.013600	-0.035664	-0.007298	-0.053245	-0.055028
1817.000000	-0.014212	0.036678	-0.020909	-0.013806	-0.036205	-0.007409	-0.054052	-0.055862
1818.000000	-0.014424	0.037225	-0.021221	-0.014012	-0.036745	-0.007519	-0.054859	-0.056696
1819.000000	-0.014636	0.037773	-0.021533	-0.014218	-0.037285	-0.007630	-0.055665	-0.057529
1820.000000	-0.014848	0.038320	-0.021845	-0.014424	-0.037826	-0.007741	-0.056472	-0.058363
1821.000000	-0.015060	0.038868	-0.022157	-0.014630	-0.038366	-0.007851	-0.057279	-0.059197
1822.000000	-0.015272	0.039415	-0.022469	-0.014836	-0.038907	-0.007962	-0.058085	-0.060031
1823.000000	-0.015484	0.039963	-0.022782	-0.015042	-0.039447	-0.008072	-0.058892	-0.060864
1824.000000	-0.015696	0.040510	-0.023094	-0.015248	-0.039987	-0.008183	-0.059699	-0.061698
1825.000000	-0.015909	0.041057	-0.023406	-0.015454	-0.040528	-0.008293	-0.060506	-0.062532
1826.000000	-0.016121	0.041605	-0.023718	-0.015660	-0.041068	-0.008404	-0.061312	-0.063366
1827.000000	-0.016333	0.042152	-0.024030	-0.015866	-0.041608	-0.008515	-0.062119	-0.064200
1828.000000	-0.016545	0.042700	-0.024342	-0.016072	-0.042149	-0.008625	-0.062926	-0.065033
1829.000000	-0.016757	0.043247	-0.024654	-0.016278	-0.042689	-0.008736	-0.063733	-0.065867
1830.000000	-0.016969	0.043795	-0.024966	-0.016484	-0.043230	-0.008846	-0.064539	-0.066701
1831.000000	-0.017181	0.044342	-0.025278	-0.016690	-0.043770	-0.008957	-0.065346	-0.067535
1832.000000	-0.017393	0.044889	-0.025590	-0.016896	-0.044310	-0.009067	-0.066153	-0.068368
1833.000000	-0.017605	0.045437	-0.025902	-0.017102	-0.044851	-0.009178	-0.066960	-0.069202
1834.000000	-0.017818	0.045984	-0.026214	-0.017309	-0.045391	-0.009289	-0.067766	-0.070036
1835.000000	-0.018030	0.046532	-0.026526	-0.017515	-0.045931	-0.009399	-0.068573	-0.070870
1836.000000	-0.018242	0.047079	-0.026839	-0.017721	-0.046472	-0.009510	-0.069380	-0.071703
1837.000000	-0.018454	0.047627	-0.027151	-0.017927	-0.047012	-0.009620	-0.070187	-0.072537
1838.000000	-0.018666	0.048174	-0.027463	-0.018133	-0.047552	-0.009731	-0.070993	-0.073371
1839.000000	-0.018878	0.048721	-0.027775	-0.018339	-0.048093	-0.009842	-0.071800	-0.074205
1840.000000	-0.019090	0.049269	-0.028087	-0.018545	-0.048633	-0.009952	-0.072607	-0.075038
1841.000000	-0.019302	0.049816	-0.028399	-0.018751	-0.049174	-0.010063	-0.073414	-0.075872
1842.000000	-0.019514	0.050364	-0.028711	-0.018957	-0.049714	-0.010173	-0.074220	-0.076706
1843.000000	-0.019727	0.050911	-0.029023	-0.019163	-0.050254	-0.010284	-0.075027	-0.077540
1844.000000	-0.019939	0.051459	-0.029335	-0.019369	-0.050795	-0.010394	-0.075834	-0.078373
1845.000000	-0.020151	0.052006	-0.029647	-0.019575	-0.051335	-0.010505	-0.076641	-0.079207
1846.000000	-0.020363	0.052553	-0.029959	-0.019781	-0.051875	-0.010616	-0.077447	-0.080041
1847.000000	-0.020575	0.053101	-0.030271	-0.019987	-0.052416	-0.010726	-0.078254	-0.080875
1848.000000	-0.020787	0.053648	-0.030583	-0.020193	-0.052956	-0.010837	-0.079061	-0.081708
1849.000000	-0.020999	0.054196	-0.030896	-0.020399	-0.053497	-0.010947	-0.079868	-0.082542
1850.000000	-0.021211	0.054743	-0.031208	-0.020605	-0.054037	-0.011058	-0.080674	-0.083376
1851.000000	-0.022847	0.056452	-0.031588	-0.020752	-0.054021	-0.011042	-0.081122	-0.083798
1852.000000	-0.024482	0.058160	-0.031968	-0.020899	-0.054005	-0.011026	-0.081570	-0.084219
1853.000000	-0.026118	0.059869	-0.032349	-0.021046	-0.053988	-0.011009	-0.082018	-0.084641
1854.000000	-0.027753	0.061578	-0.032729	-0.021193	-0.053972	-0.010993	-0.082466	-0.085063
1855.000000	-0.029389	0.063286	-0.033109	-0.021340	-0.053956	-0.010977	-0.082914	-0.085485
1856.000000	-0.031024	0.064995	-0.033490	-0.021487	-0.053940	-0.010961	-0.083362	-0.085906
1857.000000	-0.032660	0.066703	-0.033870	-0.021634	-0.053924	-0.010945	-0.083811	-0.086328
1858.000000	-0.034295	0.068412	-0.034250	-0.021780	-0.053907	-0.010929	-0.084259	-0.086750
1859.000000	-0.035931	0.070121	-0.034631	-0.021927	-0.053891	-0.010912	-0.084707	-0.087171
1860.000000	-0.037566	0.071829	-0.035011	-0.022074	-0.053875	-0.010896	-0.085155	-0.087593
1861.000000	-0.039202	0.073538	-0.035391	-0.022221	-0.053859	-0.010880	-0.085603	-0.088015
1862.000000	-0.040837	0.075247	-0.035772	-0.022368	-0.053843	-0.010864	-0.086051	-0.088437
1863.000000	-0.042472	0.076955	-0.036152	-0.022515	-0.053827	-0.010848	-0.086499	-0.088858
1864.000000	-0.044108	0.078664	-0.036532	-0.022662	-0.053810	-0.010832	-0.086947	-0.089280
1865.000000	-0.045743	0.080372	-0.036913	-0.022808	-0.053794	-0.010815	-0.087395	-0.089702
1866.000000	-0.047379	0.082081	-0.037293	-0.022955	-0.053778	-0.010799	-0.087843	-0.090123
1867.000000	-0.049014	0.083790	-0.037673	-0.023102	-0.053762	-0.010783	-0.088291	-0.090545
1868.000000	-0.050650	0.085498	-0.038054	-0.023249	-0.053746	-0.010767	-0.088739	-0.090967
1869.000000	-0.052285	0.087207	-0.038434	-0.023396	-0.053730	-0.010751	-0.089187	-0.091388
1870.000000	-0.053921	0.088915	-0.038814	-0.023543	-0.053713	-0.010735	-0.089635	-0.091810
1871.000000	-0.055556	0.090624	-0.039195	-0.023690	-0.053697	-0.010718	-0.090083	-0.092232
1872.000000	-0.057192	0.092333	-0.039575	-0.023837	-0.053681	-0.010702	-0.090531	-0.092654
1873.000000	-0.058827	0.094041	-0.039955	-0.023983	-0.053665	-0.010686	-0.090979	-0.093075
1874.000000	-0.060463	0.095750	-0.040336	-0.024130	-0.053649	-0.010670	-0.091427	-0.093497
1875.000000	-0.062098	0.097459	-0.040716	-0.024277	-0.053632	-0.010654	-0.091875	-0.093919
1876.000000	-0.063733	0.099167	-0.041096	-0.024424	-0.053616	-0.010638	-0.092323	-0.094340
1877.000000	-0.065369	0.100876	-0.041477	-0.024571	-0.053600	-0.010621	-0.092771	-0.094762
1878.000000	-0.067004	0.102584	-0.041857	-0.024718	-0.053584	-0.010605	-0.093219	-0.095184
1879.000000	-0.068640	0.104293	-0.042237	-0.024865	-0.053568	-0.010589	-0.093667	-0.095606
1880.000000	-0.070275	0.106002	-0.042617	-0.025012	-0.053552	-0.010573	-0.094115	-0.096027
1881.000000	-0.071911	0.107710	-0.042998	-0.025158	-0.053535	-0.010557	-0.094563	-0.096449
1882.000000	-0.073546	0.109419	-0.043378	-0.025305	-0.053519	-0.010541	-0.095011	-0.096871
1883.000000	-0.075182	0.111127	-0.043758	-0.025452	-0.053503	-0.010524	-0.095459	-0.097292
1884.000000	-0.076817	0.112836	-0.044139	-0.025599	-0.053487	-0.010508	-0.095907	-0.097714
1885.000000	-0.078453	0.114545	-0.044519	-0.025746	-0.053471	-0.010492	-0.096355	-0.098136
1886.000000	-0.080088	0.116253	-0.044899	-0.025893	-0.053454	-0.010476	-0.096803	-0.098558
1887.000000	-0.081724	0.117962	-0.045280	-0.026040	-0.053438	-0.010460	-0.097251	-0.098979
1888.000000	-0.083359	0.119670	-0.045660	-0.026187	-0.053422	-0.010444	-0.097700	-0.099401
1889.000000	-0.084994	0.121379	-0.046040	-0.026333	-0.053406	-0.010427	-0.098148	-0.099823
1890.000000	-0.086630	0.123088	-0.046421	-0.026480	-0.053390	-0.010411	-0.098596	-0.100244
1891.000000	-0.088265	0.124796	-0.046801	-0.026627	-0.053374	-0.010395	-0.099044	-0.100666
1892.000000	-0.089901	0.126505	-0.047181	-0.026774	-0.053357	-0.010379	-0.099492	-0.101088
1893.000000	-0.091536	0.128214	-0.047562	-0.026921	-0.053341	-0.010363	-0.099940	-0.101510
1894.000000	-0.093172	0.129922	-0.047942	-0.027068	-0.053325	-0.010347	-0.100388	-0.101931
1895.000000	-0.094807	0.131631	-0.048322	-0.027215	-0.053309	-0.010330	-0.100836	-0.102353
1896.000000	-0.096443	0.133339	-0.048703	-0.027362	-0.053293	-0.010314	-0.101284	-0.102775
1897.000000	-0.098078	0.135048	-0.049083	-0.027508	-0.053277	-0.010298	-0.101732	-0.103196
1898.000000	-0.099714	0.136757	-0.049463	-0.027655	-0.053260	-0.010282	-0.102180	-0.103618
1899.000000	-0.101349	0.138465	-0.049844	-0.027802	-0.053244	-0.010266	-0.102628	-0.104040
1900.000000	-0.102985	0.140174	-0.050224	-0.027949	-0.053228	-0.010250	-0.103076	-0.104462
1901.000000	-0.107770	0.143496	-0.050811	-0.028214	-0.053118	-0.010280	-0.105389	-0.106697
1902.000000	-0.112555	0.146818	-0.051397	-0.028478	-0.053009	-0.010311	-0.107702	-0.108933
1903.000000	-0.117340	0.150140	-0.051984	-0.028743	-0.052899	-0.010342	-0.110015	-0.111168
1904.000000	-0.122125	0.153462	-0.052571	-0.029008	-0.052790	-0.010372	-0.112328	-0.113404
1905.000000	-0.126911	0.156784	-0.053157	-0.029272	-0.052680	-0.010403	-0.114641	-0.115639
1906.000000	-0.131696	0.160106	-0.053744	-0.029537	-0.052570	-0.010434	-0.116954	-0.117875
1907.000000	-0.136481	0.163428	-0.054330	-0.029802	-0.052461	-0.010465	-0.119267	-0.120111
1908.000000	-0.141266	0.166749	-0.054917	-0.030066	-0.052351	-0.010495	-0.121580	-0.122346
1909.000000	-0.146051	0.170071	-0.055504	-0.030331	-0.052241	-0.010526	-0.123893	-0.124582
1910.000000	-0.150836	0.173393	-0.056090	-0.030595	-0.052132	-0.010557	-0.126206	-0.126817
1911.000000	-0.152287	0.174819	-0.056368	-0.030475	-0.050385	-0.010452	-0.124472	-0.125148
1912.000000	-0.153738	0.176244	-0.056645	-0.030355	-0.048639	-0.010346	-0.122737	-0.123479
1913.000000	-0.155189	0.177669	-0.056922	-0.030234	-0.046893	-0.010241	-0.121003	-0.121810
1914.000000	-0.156639	0.179094	-0.057199	-0.030113	-0.045146	-0.010136	-0.119269	-0.120140
1915.000000	-0.158090	0.180519	-0.057477	-0.029993	-0.043400	-0.010031	-0.117535	-0.118471
1916.000000	-0.159541	0.181944	-0.057754	-0.029873	-0.041654	-0.009926	-0.115801	-0.116802
1917.000000	-0.160991	0.183370	-0.058031	-0.029752	-0.039907	-0.009820	-0.114066	-0.115133
1918.000000	-0.162442	0.184795	-0.058309	-0.029631	-0.038161	-0.009715	-0.112332	-0.113463
1919.000000	-0.163893	0.186220	-0.058586	-0.029511	-0.036414	-0.009610	-0.110598	-0.111794
1920.000000	-0.165343	0.187645	-0.058863	-0.029391	-0.034668	-0.009505	-0.108864	-0.110125
1921.000000	-0.168918	0.186846	-0.059168	-0.029698	-0.034672	-0.009521	-0.113877	-0.115131
1922.000000	-0.172493	0.186047	-0.059473	-0.030005	-0.034677	-0.009538	-0.118890	-0.120138
1923.000000	-0.176068	0.185249	-0.059778	-0.030312	-0.034681	-0.009554	-0.123903	-0.125145
1924.000000	-0.179643	0.184450	-0.060084	-0.030619	-0.034685	-0.009571	-0.128916	-0.130151
1925.000000	-0.183218	0.183651	-0.060389	-0.030926	-0.034690	-0.009587	-0.133929	-0.135158
1926.000000	-0.186793	0.182852	-0.060694	-0.031233	-0.034694	-0.009604	-0.138942	-0.140165
1927.000000	-0.190367	0.182053	-0.060999	-0.031540	-0.034698	-0.009620	-0.143955	-0.145171
1928.000000	-0.193942	0.181255	-0.061304	-0.031847	-0.034702	-0.009637	-0.148968	-0.150178
1929.000000	-0.197517	0.180456	-0.061609	-0.032154	-0.034707	-0.009653	-0.153981	-0.155184
1930.000000	-0.201092	0.179657	-0.061914	-0.032461	-0.034711	-0.009670	-0.158994	-0.160191
1931.000000	-0.204348	0.180293	-0.062457	-0.032642	-0.033944	-0.009698	-0.161586	-0.162796
1932.000000	-0.207604	0.180928	-0.063000	-0.032823	-0.033177	-0.009726	-0.164179	-0.165402
1933.000000	-0.210860	0.181564	-0.063543	-0.033003	-0.032410	-0.009754	-0.166771	-0.168007
1934.000000	-0.214116	0.182199	-0.064086	-0.033184	-0.031643	-0.009782	-0.169364	-0.170612
1935.000000	-0.217372	0.182835	-0.064629	-0.033365	-0.030876	-0.009810	-0.171956	-0.173217
1936.000000	-0.220628	0.183470	-0.065172	-0.033546	-0.030109	-0.009838	-0.174549	-0.175823
1937.000000	-0.223884	0.184106	-0.065715	-0.033727	-0.029342	-0.009865	-0.177141	-0.178428
1938.000000	-0.227140	0.184742	-0.066258	-0.033908	-0.028575	-0.009893	-0.179734	-0.181033
1939.000000	-0.230397	0.185377	-0.066801	-0.034089	-0.027808	-0.009921	-0.182326	-0.183638
1940.000000	-0.233653	0.186013	-0.067344	-0.034270	-0.027041	-0.009949	-0.184919	-0.186243
1941.000000	-0.238087	0.186844	-0.067585	-0.034728	-0.026437	-0.010222	-0.188853	-0.190215
1942.000000	-0.242521	0.187675	-0.067826	-0.035187	-0.025833	-0.010494	-0.192787	-0.194186
1943.000000	-0.246955	0.188506	-0.068067	-0.035646	-0.025230	-0.010766	-0.196721	-0.198158
1944.000000	-0.251389	0.189337	-0.068308	-0.036104	-0.024626	-0.011039	-0.200655	-0.202129
1945.000000	-0.255823	0.190168	-0.068549	-0.036563	-0.024022	-0.011311	-0.204589	-0.206101
1946.000000	-0.260258	0.190999	-0.068790	-0.037021	-0.023419	-0.011584	-0.208523	-0.210072
1947.000000	-0.264692	0.191830	-0.069030	-0.037480	-0.022815	-0.011856	-0.212457	-0.214044
1948.000000	-0.269126	0.192661	-0.069271	-0.037939	-0.022212	-0.012129	-0.216391	-0.218015
1949.000000	-0.273560	0.193492	-0.069512	-0.038397	-0.021608	-0.012401	-0.220325	-0.221987
1950.000000	-0.277994	0.194323	-0.069753	-0.038856	-0.021004	-0.012674	-0.224259	-0.225958
1951.000000	-0.293774	0.197435	-0.070659	-0.040361	-0.020983	-0.012959	-0.239945	-0.241301
1952.000000	-0.309553	0.200547	-0.071565	-0.041866	-0.020962	-0.013244	-0.255630	-0.256643
1953.000000	-0.325333	0.203658	-0.072470	-0.043371	-0.020941	-0.013530	-0.271316	-0.271986
1954.000000	-0.341112	0.206770	-0.073376	-0.044876	-0.020920	-0.013815	-0.287001	-0.287329
1955.000000	-0.356891	0.209882	-0.074281	-0.046381	-0.020898	-0.014101	-0.302687	-0.302671
1956.000000	-0.372671	0.212994	-0.075187	-0.047887	-0.020877	-0.014386	-0.318372	-0.318014
1957.000000	-0.388450	0.216106	-0.076093	-0.049392	-0.020856	-0.014672	-0.334058	-0.333356
1958.000000	-0.404230	0.219217	-0.076998	-0.050897	-0.020835	-0.014957	-0.349743	-0.348699
1959.000000	-0.420009	0.222329	-0.077904	-0.052402	-0.020814	-0.015243	-0.365429	-0.364042
1960.000000	-0.435788	0.225441	-0.078809	-0.053907	-0.020792	-0.015528	-0.381114	-0.379384
1961.000000	-0.452152	0.227976	-0.079624	-0.055547	-0.021925	-0.016015	-0.399288	-0.397287
1962.000000	-0.468516	0.230512	-0.080439	-0.057188	-0.023057	-0.016501	-0.417461	-0.415189
1963.000000	-0.484880	0.233048	-0.081254	-0.058828	-0.024189	-0.016988	-0.435635	-0.433092
1964.000000	-0.501244	0.235583	-0.082069	-0.060469	-0.025321	-0.017474	-0.453809	-0.450994
1965.000000	-0.517608	0.238119	-0.082884	-0.062109	-0.026453	-0.017961	-0.471982	-0.468897
1966.000000	-0.533972	0.240654	-0.083699	-0.063749	-0.027585	-0.018447	-0.490156	-0.486800
1967.000000	-0.550336	0.243190	-0.084514	-0.065390	-0.028718	-0.018934	-0.508330	-0.504702
1968.000000	-0.566700	0.245725	-0.085329	-0.067030	-0.029850	-0.019420	-0.526503	-0.522605
1969.000000	-0.583064	0.248261	-0.086144	-0.068671	-0.030982	-0.019907	-0.544677	-0.540507
1970.000000	-0.599428	0.250796	-0.086959	-0.070311	-0.032114	-0.020394	-0.562851	-0.558410
1971.000000	-0.604613	0.261108	-0.087854	-0.071436	-0.033744	-0.021338	-0.562965	-0.557877
1972.000000	-0.609798	0.271420	-0.088748	-0.072561	-0.035374	-0.022283	-0.563079	-0.557345
1973.000000	-0.614983	0.281732	-0.089643	-0.073687	-0.037004	-0.023228	-0.563193	-0.556812
1974.000000	-0.620168	0.292044	-0.090537	-0.074812	-0.038633	-0.024173	-0.563307	-0.556279
1975.000000	-0.625353	0.302356	-0.091431	-0.075937	-0.040263	-0.025118	-0.563421	-0.555747
1976.000000	-0.630538	0.312667	-0.092326	-0.077062	-0.041893	-0.026063	-0.563535	-0.555214
1977.000000	-0.635723	0.322979	-0.093220	-0.078188	-0.043523	-0.027008	-0.563649	-0.554681
1978.000000	-0.640908	0.333291	-0.094114	-0.079313	-0.045152	-0.027953	-0.563763	-0.554149
1979.000000	-0.646092	0.343603	-0.095009	-0.080438	-0.046782	-0.028898	-0.563877	-0.553616
1980.000000	-0.651277	0.353915	-0.095903	-0.081563	-0.048412	-0.029843	-0.563991	-0.553084
1981.000000	-0.651513	0.357897	-0.096884	-0.082264	-0.050610	-0.031595	-0.566712	-0.554969
1982.000000	-0.651748	0.361880	-0.097866	-0.082964	-0.052809	-0.033348	-0.569433	-0.556855
1983.000000	-0.651983	0.365863	-0.098847	-0.083665	-0.055008	-0.035101	-0.572154	-0.558740
1984.000000	-0.652218	0.369845	-0.099828	-0.084365	-0.057206	-0.036853	-0.574875	-0.560626
1985.000000	-0.652453	0.373828	-0.100809	-0.085065	-0.059405	-0.038606	-0.577597	-0.562511
1986.000000	-0.652688	0.377810	-0.101791	-0.085766	-0.061603	-0.040359	-0.580318	-0.564397
1987.000000	-0.652924	0.381793	-0.102772	-0.086466	-0.063802	-0.042111	-0.583039	-0.566282
1988.000000	-0.653159	0.385775	-0.103753	-0.087167	-0.066001	-0.043864	-0.585760	-0.568168
1989.000000	-0.653394	0.389758	-0.104734	-0.087867	-0.068199	-0.045617	-0.588481	-0.570053
1990.000000	-0.653629	0.393740	-0.105716	-0.088567	-0.070398	-0.047369	-0.591202	-0.571939
1991.000000	-0.648692	0.397546	-0.106744	-0.088310	-0.070561	-0.046864	-0.582892	-0.563626
1992.000000	-0.643755	0.401352	-0.107773	-0.088053	-0.070723	-0.046360	-0.574582	-0.555312
1993.000000	-0.638818	0.405157	-0.108802	-0.087796	-0.070886	-0.045855	-0.566272	-0.546999
1994.000000	-0.633881	0.408963	-0.109831	-0.087539	-0.071049	-0.045350	-0.557962	-0.538686
1995.000000	-0.628943	0.412769	-0.110859	-0.087281	-0.071211	-0.044845	-0.549652	-0.530372
1996.000000	-0.624006	0.416574	-0.111888	-0.087024	-0.071374	-0.044341	-0.541342	-0.522059
1997.000000	-0.619069	0.420380	-0.112917	-0.086767	-0.071537	-0.043836	-0.533032	-0.513746
1998.000000	-0.614132	0.424186	-0.113946	-0.086510	-0.071699	-0.043331	-0.524722	-0.505432
1999.000000	-0.609195	0.427991	-0.114974	-0.086253	-0.071862	-0.042826	-0.516412	-0.497119
2000.000000	-0.604258	0.431797	-0.116003	-0.085995	-0.072025	-0.042322	-0.508102	-0.488806
2001.000000	-0.606184	0.438969	-0.117492	-0.086271	-0.071826	-0.042733	-0.505498	-0.485537
2002.000000	-0.608110	0.446141	-0.118982	-0.086546	-0.071627	-0.043145	-0.502895	-0.482269
2003.000000	-0.610037	0.453313	-0.120471	-0.086822	-0.071428	-0.043556	-0.500291	-0.479001
2004.000000	-0.611963	0.460486	-0.121960	-0.087098	-0.071229	-0.043968	-0.497688	-0.475732
2005.000000	-0.613889	0.467658	-0.123450	-0.087373	-0.071031	-0.044379	-0.495084	-0.472464
2006.000000	-0.615816	0.474830	-0.124939	-0.087649	-0.070832	-0.044791	-0.492481	-0.469196
2007.000000	-0.617742	0.482002	-0.126428	-0.087924	-0.070633	-0.045203	-0.489877	-0.465928
2008.000000	-0.619668	0.489174	-0.127917	-0.088200	-0.070434	-0.045614	-0.487274	-0.462660
2009.000000	-0.621594	0.496346	-0.129407	-0.088476	-0.070235	-0.046026	-0.484670	-0.459391
2010.000000	-0.623521	0.503518	-0.130896	-0.088751	-0.070036	-0.046437	-0.482067	-0.456123
