Fig 1a: Skeie, R. B., Berntsen, T. K., Myhre, G., Tanaka, K., Kvalevåg, M. M., and Hoyle, C. R.: Anthropogenic radiative forcing time series from pre-industrial times until 2010, Atmos. Chem. Phys. , 11, 11827-11857, 10.5194/acp-11-11827-2011, 2011. 
'Year'	'CO_2'	'CH_4'	'N_2O'	'other LLGHG'
1750.000000	0.000000	0.000000	0.000000	0.000000
1751.000000	0.000773	0.000454	0.000103	0.000000
1752.000000	0.001545	0.000908	0.000207	0.000000
1753.000000	0.002317	0.001361	0.000310	0.000000
1754.000000	0.003089	0.001815	0.000414	0.000000
1755.000000	0.003861	0.002268	0.000517	0.000000
1756.000000	0.005405	0.002720	0.000620	0.000000
1757.000000	0.006949	0.003173	0.000724	0.000000
1758.000000	0.008491	0.003625	0.000827	0.000000
1759.000000	0.010034	0.004077	0.000931	0.000000
1760.000000	0.011576	0.004529	0.001034	0.000000
1761.000000	0.013117	0.004957	0.001137	0.000000
1762.000000	0.014659	0.005384	0.001241	0.000000
1763.000000	0.016199	0.005811	0.001344	0.000000
1764.000000	0.017740	0.006239	0.001419	0.000000
1765.000000	0.019279	0.006665	0.001495	0.000000
1766.000000	0.021588	0.007092	0.001570	0.000000
1767.000000	0.023896	0.007519	0.001646	0.000000
1768.000000	0.026203	0.007945	0.001721	0.000000
1769.000000	0.028509	0.008371	0.001796	0.000000
1770.000000	0.030814	0.008796	0.001872	0.000000
1771.000000	0.033501	0.009133	0.001947	0.000000
1772.000000	0.036188	0.009470	0.002023	0.000000
1773.000000	0.038873	0.009807	0.002098	0.000000
1774.000000	0.041557	0.010143	0.002173	0.000000
1775.000000	0.044239	0.010480	0.002249	0.000000
1776.000000	0.047303	0.010816	0.002324	0.000000
1777.000000	0.050365	0.011152	0.002399	0.000000
1778.000000	0.053425	0.011488	0.002475	0.000000
1779.000000	0.056484	0.011824	0.002550	0.000000
1780.000000	0.059541	0.012159	0.002626	0.000000
1781.000000	0.062214	0.012407	0.002701	0.000000
1782.000000	0.064887	0.012654	0.002776	0.000000
1783.000000	0.067557	0.012901	0.002852	0.000000
1784.000000	0.070227	0.013148	0.002927	0.000000
1785.000000	0.072895	0.013395	0.003002	0.000000
1786.000000	0.075942	0.013642	0.003078	0.000000
1787.000000	0.078988	0.013889	0.003153	0.000000
1788.000000	0.082032	0.014135	0.003228	0.000000
1789.000000	0.085074	0.014382	0.003304	0.000000
1790.000000	0.088115	0.014629	0.003379	0.000000
1791.000000	0.090774	0.015022	0.003454	0.000000
1792.000000	0.093432	0.015415	0.003530	0.000000
1793.000000	0.096089	0.015808	0.003605	0.000000
1794.000000	0.098744	0.016200	0.003680	0.000000
1795.000000	0.101398	0.016593	0.003971	0.000000
1796.000000	0.103671	0.016985	0.004261	0.000000
1797.000000	0.105944	0.017377	0.004237	0.000000
1798.000000	0.108216	0.017769	0.004212	0.000000
1799.000000	0.110487	0.018161	0.004188	0.000000
1800.000000	0.112756	0.018553	0.004135	0.000000
1801.000000	0.114647	0.019090	0.004081	0.000000
1802.000000	0.116537	0.019627	0.004028	0.000000
1803.000000	0.118427	0.020164	0.003975	0.000000
1804.000000	0.120316	0.020700	0.003922	0.000000
1805.000000	0.122204	0.021236	0.003868	0.000000
1806.000000	0.123714	0.021772	0.003815	0.000000
1807.000000	0.125223	0.022307	0.003762	0.000000
1808.000000	0.126733	0.022842	0.003709	0.000000
1809.000000	0.128241	0.023377	0.003655	0.000000
1810.000000	0.129750	0.023911	0.003602	0.000000
1811.000000	0.130504	0.024462	0.003549	0.000000
1812.000000	0.131257	0.025013	0.003495	0.000000
1813.000000	0.132011	0.025564	0.003442	0.000000
1814.000000	0.132765	0.026114	0.003389	0.000000
1815.000000	0.133519	0.026664	0.003350	0.000000
1816.000000	0.134272	0.027214	0.003311	0.000000
1817.000000	0.135025	0.027763	0.003273	0.000000
1818.000000	0.135779	0.028312	0.003234	0.000000
1819.000000	0.136532	0.028860	0.003195	0.000000
1820.000000	0.137285	0.029408	0.003156	0.000000
1821.000000	0.137661	0.029956	0.003118	0.000000
1822.000000	0.138038	0.030503	0.003079	0.000000
1823.000000	0.138414	0.031051	0.003040	0.000000
1824.000000	0.138791	0.031597	0.003002	0.000000
1825.000000	0.139167	0.032144	0.002963	0.000000
1826.000000	0.139543	0.032690	0.002924	0.000000
1827.000000	0.139920	0.033235	0.002885	0.000000
1828.000000	0.140296	0.033781	0.002847	0.000000
1829.000000	0.140672	0.034326	0.002808	0.000000
1830.000000	0.141048	0.034870	0.002769	0.000000
1831.000000	0.141425	0.035420	0.002730	0.000000
1832.000000	0.141801	0.035970	0.002692	0.000000
1833.000000	0.142177	0.036519	0.002653	0.000000
1834.000000	0.142553	0.037068	0.002534	0.000000
1835.000000	0.142929	0.037617	0.002414	0.000000
1836.000000	0.143305	0.038165	0.002295	0.000000
1837.000000	0.143681	0.038713	0.002277	0.000000
1838.000000	0.144057	0.039260	0.002258	0.000000
1839.000000	0.144433	0.039807	0.002240	0.000000
1840.000000	0.144809	0.040354	0.002222	0.000000
1841.000000	0.145561	0.041049	0.002203	0.000000
1842.000000	0.146313	0.041742	0.002186	0.000000
1843.000000	0.147065	0.042436	0.002169	0.000000
1844.000000	0.147816	0.043128	0.002152	0.000000
1845.000000	0.148568	0.043821	0.002135	0.000000
1846.000000	0.150070	0.044512	0.002118	0.000000
1847.000000	0.151573	0.045203	0.002176	0.000000
1848.000000	0.153074	0.045894	0.002235	0.000000
1849.000000	0.154576	0.046584	0.002294	0.000000
1850.000000	0.156077	0.046934	0.002353	0.000000
1851.000000	0.154200	0.047499	0.002412	0.000000
1852.000000	0.152323	0.048628	0.002471	0.000000
1853.000000	0.152323	0.049191	0.002529	0.000000
1854.000000	0.150446	0.050318	0.002588	0.000000
1855.000000	0.154200	0.050881	0.002647	0.000000
1856.000000	0.159827	0.051443	0.002828	0.000000
1857.000000	0.163575	0.052566	0.003009	0.000000
1858.000000	0.169192	0.053128	0.003190	0.000000
1859.000000	0.172933	0.054249	0.003371	0.000000
1860.000000	0.178540	0.054809	0.003552	0.000000
1861.000000	0.182275	0.055928	0.003732	0.000000
1862.000000	0.184141	0.056487	0.003913	0.000000
1863.000000	0.186007	0.057604	0.004994	0.000000
1864.000000	0.187872	0.058162	0.006073	0.000000
1865.000000	0.191600	0.059277	0.006526	0.000000
1866.000000	0.193463	0.060391	0.006978	0.000000
1867.000000	0.195326	0.060947	0.007431	0.000000
1868.000000	0.197187	0.062058	0.007883	0.000000
1869.000000	0.199049	0.062613	0.008335	0.000000
1870.000000	0.202769	0.063723	0.008787	0.000000
1871.000000	0.206487	0.064830	0.009727	0.000000
1872.000000	0.208345	0.065384	0.010667	0.000000
1873.000000	0.212059	0.066490	0.011606	0.000000
1874.000000	0.215770	0.067042	0.012141	0.000000
1875.000000	0.219479	0.068146	0.012677	0.000000
1876.000000	0.221333	0.069248	0.013212	0.000000
1877.000000	0.225038	0.069799	0.013747	0.000000
1878.000000	0.236137	0.070899	0.014282	0.000000
1879.000000	0.247214	0.071448	0.014755	0.000000
1880.000000	0.260108	0.072547	0.015228	0.000000
1881.000000	0.271135	0.073643	0.015701	0.000000
1882.000000	0.282139	0.074739	0.016173	0.000000
1883.000000	0.291292	0.075833	0.016645	0.000000
1884.000000	0.298604	0.076926	0.017167	0.000000
1885.000000	0.305905	0.077472	0.017687	0.000000
1886.000000	0.315017	0.078562	0.018208	0.000000
1887.000000	0.318658	0.079652	0.018729	0.000000
1888.000000	0.320478	0.080740	0.019044	0.000000
1889.000000	0.322296	0.081827	0.019359	0.000000
1890.000000	0.325932	0.082912	0.019674	0.000000
1891.000000	0.329565	0.083996	0.019989	0.000000
1892.000000	0.333196	0.085620	0.020303	0.000000
1893.000000	0.331381	0.086701	0.020618	0.000000
1894.000000	0.333196	0.087781	0.022918	0.000000
1895.000000	0.333196	0.088859	0.023329	0.000000
1896.000000	0.335011	0.090474	0.023740	0.000000
1897.000000	0.335011	0.091549	0.024152	0.000000
1898.000000	0.335011	0.092623	0.024563	0.000000
1899.000000	0.342262	0.094231	0.024973	0.000000
1900.000000	0.349504	0.095302	0.026297	0.000000
1901.000000	0.358543	0.097439	0.027620	0.000000
1902.000000	0.365763	0.099572	0.028453	0.000000
1903.000000	0.372973	0.101699	0.029285	0.000000
1904.000000	0.381972	0.104352	0.030116	0.000000
1905.000000	0.390956	0.106468	0.030948	0.000000
1906.000000	0.398133	0.109107	0.031779	0.000000
1907.000000	0.405300	0.111213	0.032610	0.000000
1908.000000	0.414245	0.113838	0.033440	0.000000
1909.000000	0.421390	0.116456	0.034270	0.000000
1910.000000	0.428526	0.119066	0.034946	0.000000
1911.000000	0.437432	0.121149	0.035283	0.000000
1912.000000	0.444546	0.123746	0.035959	0.000000
1913.000000	0.449876	0.126336	0.036634	0.000000
1914.000000	0.451651	0.129435	0.036972	0.000000
1915.000000	0.455200	0.132010	0.037646	0.000000
1916.000000	0.462291	0.135090	0.038321	0.000000
1917.000000	0.469372	0.137649	0.038995	0.000000
1918.000000	0.476444	0.140711	0.040006	0.000000
1919.000000	0.479977	0.143763	0.040680	0.000000
1920.000000	0.487035	0.146805	0.041354	0.000000
1921.000000	0.492322	0.149333	0.042363	0.000000
1922.000000	0.499364	0.152358	0.043036	0.000000
1923.000000	0.506397	0.155373	0.043709	0.000000
1924.000000	0.513420	0.158379	0.044381	0.000000
1925.000000	0.520434	0.161375	0.045053	0.000000
1926.000000	0.529189	0.164362	0.045725	0.000000
1927.000000	0.536182	0.167340	0.046733	0.000000
1928.000000	0.543167	0.170309	0.047068	0.000000
1929.000000	0.553626	0.173270	0.047740	0.000000
1930.000000	0.558848	0.175729	0.048411	0.000000
1931.000000	0.567540	0.178673	0.048746	0.000098
1932.000000	0.572749	0.181120	0.049417	0.000196
1933.000000	0.583151	0.184048	0.050087	0.000294
1934.000000	0.590074	0.186481	0.050757	0.000392
1935.000000	0.596988	0.188908	0.051427	0.000490
1936.000000	0.603894	0.191330	0.052097	0.000724
1937.000000	0.612513	0.193745	0.052766	0.000958
1938.000000	0.619398	0.196155	0.053101	0.001192
1939.000000	0.622838	0.198559	0.053770	0.001426
1940.000000	0.624557	0.200957	0.054104	0.001660
1941.000000	0.619398	0.203828	0.054773	0.002126
1942.000000	0.614235	0.206213	0.055441	0.002592
1943.000000	0.610790	0.208594	0.056109	0.003058
1944.000000	0.605619	0.210968	0.056777	0.003524
1945.000000	0.607343	0.213810	0.057779	0.003990
1946.000000	0.607343	0.216173	0.058446	0.004696
1947.000000	0.609067	0.219471	0.059447	0.005402
1948.000000	0.610790	0.222290	0.060114	0.006108
1949.000000	0.617678	0.225569	0.061114	0.006814
1950.000000	0.624557	0.228837	0.061780	0.007520
1951.000000	0.633143	0.232560	0.062446	0.008800
1952.000000	0.640002	0.236269	0.063112	0.010080
1953.000000	0.646852	0.240888	0.064110	0.011360
1954.000000	0.657111	0.245027	0.064775	0.012640
1955.000000	0.665645	0.249607	0.065440	0.013920
1956.000000	0.675868	0.254167	0.066437	0.015716
1957.000000	0.684372	0.259160	0.067101	0.017512
1958.000000	0.693541	0.264131	0.067765	0.019308
1959.000000	0.707774	0.269078	0.068761	0.021104
1960.000000	0.722812	0.274449	0.069756	0.022900
1961.000000	0.733937	0.279793	0.070751	0.026398
1962.000000	0.745711	0.285553	0.071414	0.029896
1963.000000	0.756620	0.291283	0.072408	0.033394
1964.000000	0.766169	0.296983	0.073732	0.036892
1965.000000	0.775868	0.303089	0.075055	0.040390
1966.000000	0.798541	0.309161	0.076378	0.047158
1967.000000	0.810505	0.315200	0.077700	0.053926
1968.000000	0.822609	0.321634	0.079020	0.060694
1969.000000	0.842281	0.328032	0.080670	0.067462
1970.000000	0.863853	0.334816	0.082318	0.074230
1971.000000	0.878296	0.341140	0.083965	0.084556
1972.000000	0.895151	0.347847	0.085610	0.094882
1973.000000	0.927403	0.354515	0.087582	0.105208
1974.000000	0.940056	0.361144	0.089553	0.115534
1975.000000	0.958655	0.367736	0.091521	0.125860
1976.000000	0.967689	0.374291	0.093488	0.135506
1977.000000	0.996784	0.380810	0.096106	0.145152
1978.000000	1.023808	0.387697	0.098199	0.154799
1979.000000	1.050537	0.394142	0.100844	0.164445
1980.000000	1.080449	0.400952	0.102051	0.174091
1981.000000	1.102027	0.408914	0.105375	0.184672
1982.000000	1.121013	0.416431	0.108432	0.195253
1983.000000	1.136028	0.424292	0.110414	0.205834
1984.000000	1.162670	0.431862	0.112589	0.216415
1985.000000	1.185623	0.436790	0.113951	0.226996
1986.000000	1.207706	0.441594	0.117998	0.239176
1987.000000	1.235068	0.446325	0.117416	0.251355
1988.000000	1.273872	0.450210	0.120875	0.263535
1989.000000	1.299383	0.454419	0.126583	0.275714
1990.000000	1.316626	0.458050	0.128643	0.287894
1991.000000	1.337575	0.462096	0.131408	0.296960
1992.000000	1.348694	0.465883	0.131889	0.306026
1993.000000	1.359341	0.466391	0.134457	0.310267
1994.000000	1.381466	0.468397	0.134938	0.314564
1995.000000	1.412111	0.471022	0.138142	0.317264
1996.000000	1.440368	0.471833	0.140126	0.319298
1997.000000	1.453631	0.473111	0.142587	0.321173
1998.000000	1.494540	0.476985	0.144790	0.322738
1999.000000	1.525272	0.479829	0.147787	0.324150
2000.000000	1.543539	0.480080	0.148838	0.325960
2001.000000	1.565350	0.479405	0.151289	0.328096
2002.000000	1.594102	0.480031	0.153450	0.330074
2003.000000	1.629683	0.481671	0.156307	0.331769
2004.000000	1.655400	0.481619	0.158210	0.333314
2005.000000	1.683815	0.480540	0.160173	0.335102
2006.000000	1.713902	0.480758	0.163432	0.336451
2007.000000	1.739078	0.483357	0.165643	0.338176
2008.000000	1.768441	0.485486	0.168515	0.339525
2009.000000	1.788802	0.487834	0.170531	0.341374
2010.000000	1.820505	0.489073	0.172829	0.343222
