Fig 1c: Skeie, R. B., Berntsen, T. K., Myhre, G., Tanaka, K., Kvalevåg, M. M., and Hoyle, C. R.: Anthropogenic radiative forcing time series from pre-industrial times until 2010, Atmos. Chem. Phys. , 11, 11827-11857, 10.5194/acp-11-11827-2011, 2011. 
'Year'	'LLGHG'	'Trop. O_3'	'Strat. O_3'	'Strat. H_2O'	'Dir. aer. effect'	'Cloud albedo effect'	'Cloud lifetime effect'	'Land use'	'Snow albedo effect'
1750.000000	0.000000	0.000000	0.000000	0.000000	0.000000	0.000000	0.000000	0.000000	0.000000
1751.000000	0.001330	0.000375	0.000000	0.000068	-0.000807	-0.002052	-0.000866	-0.000327	0.000052
1752.000000	0.002660	0.000750	0.000000	0.000136	-0.001613	-0.004104	-0.001732	-0.000654	0.000103
1753.000000	0.003989	0.001125	0.000000	0.000204	-0.002420	-0.006156	-0.002598	-0.000981	0.000155
1754.000000	0.005318	0.001500	0.000000	0.000272	-0.003227	-0.008208	-0.003465	-0.001308	0.000206
1755.000000	0.006646	0.001875	0.000000	0.000340	-0.004034	-0.010260	-0.004331	-0.001635	0.000258
1756.000000	0.008746	0.002250	0.000000	0.000408	-0.004840	-0.012312	-0.005197	-0.001962	0.000310
1757.000000	0.010845	0.002625	0.000000	0.000476	-0.005647	-0.014364	-0.006063	-0.002289	0.000361
1758.000000	0.012944	0.003000	0.000000	0.000544	-0.006454	-0.016416	-0.006929	-0.002616	0.000413
1759.000000	0.015042	0.003375	0.000000	0.000612	-0.007261	-0.018468	-0.007795	-0.002943	0.000464
1760.000000	0.017139	0.003750	0.000000	0.000679	-0.008067	-0.020520	-0.008662	-0.003270	0.000516
1761.000000	0.019211	0.004125	0.000000	0.000743	-0.008874	-0.022572	-0.009528	-0.003597	0.000568
1762.000000	0.021283	0.004500	0.000000	0.000808	-0.009681	-0.024624	-0.010394	-0.003924	0.000619
1763.000000	0.023355	0.004875	0.000000	0.000872	-0.010488	-0.026676	-0.011260	-0.004251	0.000671
1764.000000	0.025397	0.005250	0.000000	0.000936	-0.011294	-0.028728	-0.012126	-0.004578	0.000722
1765.000000	0.027440	0.005625	0.000000	0.001000	-0.012101	-0.030780	-0.012992	-0.004905	0.000774
1766.000000	0.030250	0.006000	0.000000	0.001064	-0.012908	-0.032832	-0.013858	-0.005232	0.000826
1767.000000	0.033060	0.006375	0.000000	0.001128	-0.013715	-0.034884	-0.014725	-0.005559	0.000877
1768.000000	0.035869	0.006750	0.000000	0.001192	-0.014521	-0.036936	-0.015591	-0.005886	0.000929
1769.000000	0.038676	0.007125	0.000000	0.001256	-0.015328	-0.038988	-0.016457	-0.006213	0.000980
1770.000000	0.041482	0.007500	0.000000	0.001319	-0.016135	-0.041041	-0.017323	-0.006540	0.001032
1771.000000	0.044582	0.007875	0.000000	0.001370	-0.016942	-0.043093	-0.018189	-0.006867	0.001084
1772.000000	0.047681	0.008250	0.000000	0.001421	-0.017748	-0.045145	-0.019055	-0.007194	0.001135
1773.000000	0.050778	0.008625	0.000000	0.001471	-0.018555	-0.047197	-0.019922	-0.007521	0.001187
1774.000000	0.053873	0.009000	0.000000	0.001521	-0.019362	-0.049249	-0.020788	-0.007848	0.001238
1775.000000	0.056967	0.009375	0.000000	0.001572	-0.020169	-0.051301	-0.021654	-0.008175	0.001290
1776.000000	0.060443	0.009750	0.000000	0.001622	-0.020975	-0.053353	-0.022520	-0.008502	0.001342
1777.000000	0.063917	0.010125	0.000000	0.001673	-0.021782	-0.055405	-0.023386	-0.008829	0.001393
1778.000000	0.067388	0.010500	0.000000	0.001723	-0.022589	-0.057457	-0.024252	-0.009156	0.001445
1779.000000	0.070858	0.010875	0.000000	0.001774	-0.023396	-0.059509	-0.025118	-0.009483	0.001496
1780.000000	0.074326	0.011250	0.000000	0.001824	-0.024202	-0.061561	-0.025985	-0.009810	0.001548
1781.000000	0.077322	0.011625	0.000000	0.001861	-0.025009	-0.063613	-0.026851	-0.010137	0.001600
1782.000000	0.080317	0.012000	0.000000	0.001898	-0.025816	-0.065665	-0.027717	-0.010464	0.001651
1783.000000	0.083310	0.012375	0.000000	0.001935	-0.026623	-0.067717	-0.028583	-0.010791	0.001703
1784.000000	0.086302	0.012750	0.000000	0.001972	-0.027429	-0.069769	-0.029449	-0.011118	0.001754
1785.000000	0.089292	0.013125	0.000000	0.002009	-0.028236	-0.071821	-0.030315	-0.011445	0.001806
1786.000000	0.092662	0.013500	0.000000	0.002046	-0.029043	-0.073873	-0.031181	-0.011772	0.001858
1787.000000	0.096030	0.013875	0.000000	0.002083	-0.029849	-0.075925	-0.032048	-0.012099	0.001909
1788.000000	0.099396	0.014250	0.000000	0.002120	-0.030656	-0.077977	-0.032914	-0.012426	0.001961
1789.000000	0.102760	0.014625	0.000000	0.002157	-0.031463	-0.080029	-0.033780	-0.012753	0.002012
1790.000000	0.106123	0.015000	0.000000	0.002194	-0.032270	-0.082081	-0.034646	-0.013080	0.002064
1791.000000	0.109251	0.015375	0.000000	0.002253	-0.033076	-0.084133	-0.035512	-0.013407	0.002116
1792.000000	0.112377	0.015750	0.000000	0.002312	-0.033883	-0.086185	-0.036378	-0.013734	0.002167
1793.000000	0.115501	0.016125	0.000000	0.002371	-0.034690	-0.088237	-0.037245	-0.014061	0.002219
1794.000000	0.118625	0.016500	0.000000	0.002430	-0.035497	-0.090289	-0.038111	-0.014388	0.002270
1795.000000	0.121961	0.016875	0.000000	0.002489	-0.036303	-0.092341	-0.038977	-0.014715	0.002322
1796.000000	0.124918	0.017250	0.000000	0.002548	-0.037110	-0.094393	-0.039843	-0.015042	0.002374
1797.000000	0.127558	0.017625	0.000000	0.002607	-0.037917	-0.096445	-0.040709	-0.015369	0.002425
1798.000000	0.130197	0.018000	0.000000	0.002665	-0.038724	-0.098497	-0.041575	-0.015696	0.002477
1799.000000	0.132836	0.018375	0.000000	0.002724	-0.039530	-0.100549	-0.042441	-0.016023	0.002528
1800.000000	0.135444	0.018751	0.000000	0.002783	-0.040337	-0.102601	-0.043308	-0.016350	0.002580
1801.000000	0.137819	0.019126	0.000000	0.002864	-0.041144	-0.104653	-0.044174	-0.016677	0.002632
1802.000000	0.140193	0.019501	0.000000	0.002944	-0.041951	-0.106705	-0.045040	-0.017004	0.002683
1803.000000	0.142565	0.019876	0.000000	0.003025	-0.042757	-0.108757	-0.045906	-0.017331	0.002735
1804.000000	0.144937	0.020251	0.000000	0.003105	-0.043564	-0.110809	-0.046772	-0.017658	0.002786
1805.000000	0.147308	0.020626	0.000000	0.003185	-0.044371	-0.112861	-0.047638	-0.017985	0.002838
1806.000000	0.149301	0.021001	0.000000	0.003266	-0.045178	-0.114913	-0.048505	-0.018312	0.002890
1807.000000	0.151292	0.021376	0.000000	0.003346	-0.045984	-0.116965	-0.049371	-0.018639	0.002941
1808.000000	0.153283	0.021751	0.000000	0.003426	-0.046791	-0.119018	-0.050237	-0.018966	0.002993
1809.000000	0.155273	0.022126	0.000000	0.003506	-0.047598	-0.121070	-0.051103	-0.019293	0.003044
1810.000000	0.157263	0.022501	0.000000	0.003587	-0.048405	-0.123122	-0.051969	-0.019620	0.003096
1811.000000	0.158515	0.022876	0.000000	0.003669	-0.049211	-0.125174	-0.052835	-0.019947	0.003148
1812.000000	0.159766	0.023251	0.000000	0.003752	-0.050018	-0.127226	-0.053701	-0.020274	0.003199
1813.000000	0.161017	0.023626	0.000000	0.003835	-0.050825	-0.129278	-0.054568	-0.020601	0.003251
1814.000000	0.162268	0.024001	0.000000	0.003917	-0.051632	-0.131330	-0.055434	-0.020928	0.003302
1815.000000	0.163533	0.024376	0.000000	0.004000	-0.052438	-0.133382	-0.056300	-0.021255	0.003354
1816.000000	0.164797	0.024751	0.000000	0.004082	-0.053245	-0.135434	-0.057166	-0.021582	0.003406
1817.000000	0.166061	0.025126	0.000000	0.004164	-0.054052	-0.137486	-0.058032	-0.021909	0.003457
1818.000000	0.167324	0.025501	0.000000	0.004247	-0.054859	-0.139538	-0.058898	-0.022236	0.003509
1819.000000	0.168587	0.025876	0.000000	0.004329	-0.055665	-0.141590	-0.059765	-0.022563	0.003560
1820.000000	0.169850	0.026251	0.000000	0.004411	-0.056472	-0.143642	-0.060631	-0.022890	0.003612
1821.000000	0.170735	0.026626	0.000000	0.004493	-0.057279	-0.145694	-0.061497	-0.023217	0.003664
1822.000000	0.171620	0.027001	0.000000	0.004576	-0.058085	-0.147746	-0.062363	-0.023544	0.003715
1823.000000	0.172505	0.027376	0.000000	0.004658	-0.058892	-0.149798	-0.063229	-0.023871	0.003767
1824.000000	0.173389	0.027751	0.000000	0.004740	-0.059699	-0.151850	-0.064095	-0.024198	0.003818
1825.000000	0.174273	0.028126	0.000000	0.004822	-0.060506	-0.153902	-0.064961	-0.024525	0.003870
1826.000000	0.175157	0.028501	0.000000	0.004903	-0.061312	-0.155954	-0.065828	-0.024852	0.003922
1827.000000	0.176040	0.028876	0.000000	0.004985	-0.062119	-0.158006	-0.066694	-0.025179	0.003973
1828.000000	0.176923	0.029251	0.000000	0.005067	-0.062926	-0.160058	-0.067560	-0.025506	0.004025
1829.000000	0.177806	0.029626	0.000000	0.005149	-0.063733	-0.162110	-0.068426	-0.025833	0.004076
1830.000000	0.178688	0.030001	0.000000	0.005231	-0.064539	-0.164162	-0.069292	-0.026160	0.004128
1831.000000	0.179575	0.030376	0.000000	0.005313	-0.065346	-0.166214	-0.070158	-0.026487	0.004180
1832.000000	0.180462	0.030751	0.000000	0.005395	-0.066153	-0.168266	-0.071024	-0.026814	0.004231
1833.000000	0.181349	0.031126	0.000000	0.005478	-0.066960	-0.170318	-0.071891	-0.027141	0.004283
1834.000000	0.182155	0.031501	0.000000	0.005560	-0.067766	-0.172370	-0.072757	-0.027468	0.004334
1835.000000	0.182960	0.031876	0.000000	0.005642	-0.068573	-0.174422	-0.073623	-0.027795	0.004386
1836.000000	0.183765	0.032251	0.000000	0.005725	-0.069380	-0.176474	-0.074489	-0.028122	0.004438
1837.000000	0.184671	0.032626	0.000000	0.005807	-0.070187	-0.178526	-0.075355	-0.028449	0.004489
1838.000000	0.185576	0.033001	0.000000	0.005889	-0.070993	-0.180578	-0.076221	-0.028776	0.004541
1839.000000	0.186481	0.033376	0.000000	0.005971	-0.071800	-0.182630	-0.077088	-0.029103	0.004592
1840.000000	0.187385	0.033751	0.000000	0.006053	-0.072607	-0.184682	-0.077954	-0.029430	0.004644
1841.000000	0.188813	0.034126	0.000000	0.006157	-0.073414	-0.186734	-0.078820	-0.029757	0.004696
1842.000000	0.190242	0.034501	0.000000	0.006261	-0.074220	-0.188786	-0.079686	-0.030084	0.004747
1843.000000	0.191669	0.034876	0.000000	0.006365	-0.075027	-0.190838	-0.080552	-0.030411	0.004799
1844.000000	0.193097	0.035251	0.000000	0.006469	-0.075834	-0.192890	-0.081418	-0.030738	0.004850
1845.000000	0.194523	0.035626	0.000000	0.006573	-0.076641	-0.194942	-0.082284	-0.031065	0.004902
1846.000000	0.196700	0.036001	0.000000	0.006677	-0.077447	-0.196994	-0.083151	-0.031392	0.004954
1847.000000	0.198952	0.036376	0.000000	0.006780	-0.078254	-0.199047	-0.084017	-0.031719	0.005005
1848.000000	0.201203	0.036751	0.000000	0.006884	-0.079061	-0.201099	-0.084883	-0.032046	0.005057
1849.000000	0.203453	0.037126	0.000000	0.006988	-0.079868	-0.203151	-0.085749	-0.032373	0.005108
1850.000000	0.205363	0.037501	0.000000	0.007040	-0.080674	-0.205203	-0.086615	-0.032700	0.005160
1851.000000	0.204111	0.038233	0.000000	0.007125	-0.081122	-0.206921	-0.087341	-0.032872	0.005320
1852.000000	0.203422	0.038965	0.000000	0.007294	-0.081570	-0.208639	-0.088066	-0.033044	0.005480
1853.000000	0.204044	0.039697	0.000000	0.007379	-0.082018	-0.210358	-0.088791	-0.033216	0.005640
1854.000000	0.203352	0.040429	0.000000	0.007548	-0.082466	-0.212076	-0.089516	-0.033388	0.005800
1855.000000	0.207728	0.041161	0.000000	0.007632	-0.082914	-0.213794	-0.090242	-0.033560	0.005960
1856.000000	0.214098	0.041893	0.000000	0.007716	-0.083362	-0.215513	-0.090967	-0.033732	0.006120
1857.000000	0.219150	0.042625	0.000000	0.007885	-0.083811	-0.217231	-0.091692	-0.033904	0.006280
1858.000000	0.225509	0.043357	0.000000	0.007969	-0.084259	-0.218949	-0.092418	-0.034076	0.006440
1859.000000	0.230552	0.044089	0.000000	0.008137	-0.084707	-0.220668	-0.093143	-0.034248	0.006600
1860.000000	0.236900	0.044821	0.000000	0.008221	-0.085155	-0.222386	-0.093868	-0.034420	0.006760
1861.000000	0.241935	0.045553	0.000000	0.008389	-0.085603	-0.224105	-0.094594	-0.034592	0.006920
1862.000000	0.244541	0.046285	0.000000	0.008473	-0.086051	-0.225823	-0.095319	-0.034764	0.007080
1863.000000	0.248605	0.047017	0.000000	0.008641	-0.086499	-0.227541	-0.096044	-0.034936	0.007239
1864.000000	0.252107	0.047749	0.000000	0.008724	-0.086947	-0.229260	-0.096770	-0.035108	0.007399
1865.000000	0.257403	0.048481	0.000000	0.008892	-0.087395	-0.230978	-0.097495	-0.035280	0.007559
1866.000000	0.260832	0.049213	0.000000	0.009059	-0.087843	-0.232696	-0.098220	-0.035452	0.007719
1867.000000	0.263703	0.049945	0.000000	0.009142	-0.088291	-0.234415	-0.098946	-0.035624	0.007879
1868.000000	0.267129	0.050677	0.000000	0.009309	-0.088739	-0.236133	-0.099671	-0.035796	0.008039
1869.000000	0.269997	0.051409	0.000000	0.009392	-0.089187	-0.237851	-0.100396	-0.035968	0.008199
1870.000000	0.275279	0.052141	0.000000	0.009558	-0.089635	-0.239570	-0.101121	-0.036140	0.008359
1871.000000	0.281045	0.052872	0.000000	0.009725	-0.090083	-0.241288	-0.101847	-0.036312	0.008519
1872.000000	0.284395	0.053604	0.000000	0.009808	-0.090531	-0.243007	-0.102572	-0.036484	0.008679
1873.000000	0.290154	0.054336	0.000000	0.009973	-0.090979	-0.244725	-0.103297	-0.036656	0.008839
1874.000000	0.294954	0.055068	0.000000	0.010056	-0.091427	-0.246443	-0.104023	-0.036828	0.008999
1875.000000	0.300302	0.055800	0.000000	0.010222	-0.091875	-0.248162	-0.104748	-0.037000	0.009159
1876.000000	0.303793	0.056532	0.000000	0.010387	-0.092323	-0.249880	-0.105473	-0.037172	0.009319
1877.000000	0.308583	0.057264	0.000000	0.010470	-0.092771	-0.251598	-0.106199	-0.037344	0.009479
1878.000000	0.321318	0.057996	0.000000	0.010635	-0.093219	-0.253317	-0.106924	-0.037516	0.009639
1879.000000	0.333417	0.058728	0.000000	0.010717	-0.093667	-0.255035	-0.107649	-0.037688	0.009799
1880.000000	0.347882	0.059460	0.000000	0.010882	-0.094115	-0.256753	-0.108375	-0.037860	0.009959
1881.000000	0.360479	0.060192	0.000000	0.011047	-0.094563	-0.258472	-0.109100	-0.038032	0.010119
1882.000000	0.373051	0.060924	0.000000	0.011211	-0.095011	-0.260190	-0.109825	-0.038204	0.010279
1883.000000	0.383771	0.061656	0.000000	0.011375	-0.095459	-0.261908	-0.110551	-0.038376	0.010439
1884.000000	0.392696	0.062388	0.000000	0.011539	-0.095907	-0.263627	-0.111276	-0.038548	0.010599
1885.000000	0.401064	0.063120	0.000000	0.011621	-0.096355	-0.265345	-0.112001	-0.038720	0.010759
1886.000000	0.411788	0.063852	0.000000	0.011784	-0.096803	-0.267064	-0.112727	-0.038892	0.010919
1887.000000	0.417039	0.064584	0.000000	0.011948	-0.097251	-0.268782	-0.113452	-0.039064	0.011079
1888.000000	0.420261	0.065316	0.000000	0.012111	-0.097700	-0.270500	-0.114177	-0.039236	0.011238
1889.000000	0.423482	0.066048	0.000000	0.012274	-0.098148	-0.272219	-0.114902	-0.039408	0.011398
1890.000000	0.428518	0.066780	0.000000	0.012437	-0.098596	-0.273937	-0.115628	-0.039580	0.011558
1891.000000	0.433550	0.067512	0.000000	0.012599	-0.099044	-0.275655	-0.116353	-0.039752	0.011718
1892.000000	0.439120	0.068244	0.000000	0.012843	-0.099492	-0.277374	-0.117078	-0.039924	0.011878
1893.000000	0.438700	0.068976	0.000000	0.013005	-0.099940	-0.279092	-0.117804	-0.040096	0.012038
1894.000000	0.443895	0.069708	0.000000	0.013167	-0.100388	-0.280810	-0.118529	-0.040268	0.012198
1895.000000	0.445384	0.070440	0.000000	0.013329	-0.100836	-0.282529	-0.119254	-0.040440	0.012358
1896.000000	0.449225	0.071172	0.000000	0.013571	-0.101284	-0.284247	-0.119980	-0.040612	0.012518
1897.000000	0.450711	0.071904	0.000000	0.013732	-0.101732	-0.285966	-0.120705	-0.040784	0.012678
1898.000000	0.452196	0.072636	0.000000	0.013893	-0.102180	-0.287684	-0.121430	-0.040956	0.012838
1899.000000	0.461467	0.073368	0.000000	0.014135	-0.102628	-0.289402	-0.122156	-0.041128	0.012998
1900.000000	0.471103	0.074100	0.000000	0.014295	-0.103076	-0.291121	-0.122881	-0.041300	0.013158
1901.000000	0.483603	0.075415	0.000000	0.014616	-0.105389	-0.295355	-0.124668	-0.041467	0.013429
1902.000000	0.493788	0.076730	0.000000	0.014936	-0.107702	-0.299589	-0.126455	-0.041634	0.013700
1903.000000	0.503957	0.078045	0.000000	0.015255	-0.110015	-0.303823	-0.128242	-0.041801	0.013971
1904.000000	0.516441	0.079360	0.000000	0.015653	-0.112328	-0.308057	-0.130030	-0.041968	0.014242
1905.000000	0.528373	0.080675	0.000000	0.015970	-0.114641	-0.312291	-0.131817	-0.042135	0.014513
1906.000000	0.539019	0.081990	0.000000	0.016366	-0.116954	-0.316525	-0.133604	-0.042302	0.014783
1907.000000	0.549122	0.083305	0.000000	0.016682	-0.119267	-0.320759	-0.135391	-0.042469	0.015054
1908.000000	0.561522	0.084620	0.000000	0.017076	-0.121580	-0.324993	-0.137178	-0.042636	0.015325
1909.000000	0.572115	0.085935	0.000000	0.017468	-0.123893	-0.329228	-0.138966	-0.042803	0.015596
1910.000000	0.582537	0.087250	0.000000	0.017860	-0.126206	-0.333462	-0.140753	-0.042970	0.015867
1911.000000	0.593864	0.088289	0.000000	0.018172	-0.124472	-0.332949	-0.140536	-0.044423	0.015906
1912.000000	0.604251	0.089328	0.000000	0.018562	-0.122737	-0.332436	-0.140320	-0.045876	0.015944
1913.000000	0.612846	0.090367	0.000000	0.018950	-0.121003	-0.331924	-0.140104	-0.047329	0.015983
1914.000000	0.618058	0.091406	0.000000	0.019415	-0.119269	-0.331411	-0.139887	-0.048782	0.016022
1915.000000	0.624856	0.092445	0.000000	0.019801	-0.117535	-0.330898	-0.139671	-0.050235	0.016060
1916.000000	0.635702	0.093484	0.000000	0.020263	-0.115801	-0.330385	-0.139454	-0.051688	0.016099
1917.000000	0.646016	0.094523	0.000000	0.020647	-0.114066	-0.329873	-0.139238	-0.053141	0.016138
1918.000000	0.657161	0.095562	0.000000	0.021107	-0.112332	-0.329360	-0.139022	-0.054594	0.016177
1919.000000	0.664420	0.096601	0.000000	0.021564	-0.110598	-0.328847	-0.138805	-0.056047	0.016215
1920.000000	0.675193	0.097640	0.000000	0.022021	-0.108864	-0.328335	-0.138589	-0.057500	0.016254
1921.000000	0.684019	0.099017	0.000000	0.022400	-0.113877	-0.331206	-0.139801	-0.056535	0.016319
1922.000000	0.694758	0.100394	0.000000	0.022854	-0.118890	-0.334077	-0.141013	-0.055570	0.016383
1923.000000	0.705478	0.101772	0.000000	0.023306	-0.123903	-0.336949	-0.142225	-0.054605	0.016448
1924.000000	0.716180	0.103149	0.000000	0.023757	-0.128916	-0.339820	-0.143437	-0.053640	0.016512
1925.000000	0.726862	0.104526	0.000000	0.024206	-0.133929	-0.342692	-0.144649	-0.052675	0.016577
1926.000000	0.739276	0.105904	0.000000	0.024654	-0.138942	-0.345563	-0.145861	-0.051710	0.016641
1927.000000	0.750255	0.107281	0.000000	0.025101	-0.143955	-0.348434	-0.147073	-0.050745	0.016706
1928.000000	0.760544	0.108658	0.000000	0.025546	-0.148968	-0.351306	-0.148285	-0.049780	0.016770
1929.000000	0.774635	0.110036	0.000000	0.025990	-0.153981	-0.354177	-0.149497	-0.048815	0.016835
1930.000000	0.782988	0.111413	0.000000	0.026359	-0.158994	-0.357048	-0.150709	-0.047850	0.016899
1931.000000	0.795057	0.112863	0.000000	0.026801	-0.161586	-0.359168	-0.151603	-0.048300	0.016963
1932.000000	0.803481	0.114313	0.000000	0.027168	-0.164179	-0.361287	-0.152498	-0.048750	0.017028
1933.000000	0.817579	0.115763	0.000000	0.027607	-0.166771	-0.363407	-0.153392	-0.049200	0.017093
1934.000000	0.827704	0.117214	0.000000	0.027972	-0.169364	-0.365526	-0.154287	-0.049650	0.017157
1935.000000	0.837813	0.118664	0.000000	0.028336	-0.171956	-0.367645	-0.155182	-0.050100	0.017222
1936.000000	0.848044	0.120114	0.000000	0.028699	-0.174549	-0.369765	-0.156076	-0.050550	0.017286
1937.000000	0.859982	0.121564	0.000000	0.029062	-0.177141	-0.371884	-0.156971	-0.051000	0.017351
1938.000000	0.869846	0.123014	0.000000	0.029423	-0.179734	-0.374003	-0.157865	-0.051450	0.017415
1939.000000	0.876592	0.124465	0.000000	0.029784	-0.182326	-0.376123	-0.158760	-0.051900	0.017480
1940.000000	0.881278	0.125915	0.000000	0.030144	-0.184919	-0.378242	-0.159654	-0.052350	0.017544
1941.000000	0.880125	0.129276	0.000000	0.030574	-0.188853	-0.382169	-0.161312	-0.052816	0.017583
1942.000000	0.878482	0.132636	0.000000	0.030932	-0.192787	-0.386095	-0.162969	-0.053282	0.017621
1943.000000	0.878551	0.135997	0.000000	0.031289	-0.196721	-0.390022	-0.164627	-0.053748	0.017660
1944.000000	0.876888	0.139358	0.000000	0.031645	-0.200655	-0.393948	-0.166284	-0.054214	0.017699
1945.000000	0.882922	0.142719	0.000000	0.032072	-0.204589	-0.397875	-0.167941	-0.054680	0.017738
1946.000000	0.886658	0.146080	0.000000	0.032426	-0.208523	-0.401802	-0.169599	-0.055146	0.017776
1947.000000	0.893387	0.149441	0.000000	0.032921	-0.212457	-0.405728	-0.171256	-0.055612	0.017815
1948.000000	0.899302	0.152802	0.000000	0.033344	-0.216391	-0.409655	-0.172914	-0.056078	0.017854
1949.000000	0.911174	0.156162	0.000000	0.033835	-0.220325	-0.413581	-0.174571	-0.056544	0.017892
1950.000000	0.922694	0.159523	0.000000	0.034326	-0.224259	-0.417508	-0.176228	-0.057010	0.017931
1951.000000	0.936949	0.164234	0.000000	0.034884	-0.239945	-0.429802	-0.181418	-0.058681	0.018021
1952.000000	0.949463	0.168945	0.000000	0.035440	-0.255630	-0.442097	-0.186607	-0.060352	0.018112
1953.000000	0.963209	0.173656	0.000000	0.036133	-0.271316	-0.454391	-0.191797	-0.062023	0.018202
1954.000000	0.979553	0.178367	0.000000	0.036754	-0.287001	-0.466685	-0.196986	-0.063694	0.018292
1955.000000	0.994611	0.183077	-0.001102	0.037441	-0.302687	-0.478980	-0.202176	-0.065365	0.018383
1956.000000	1.012187	0.187788	-0.002310	0.038125	-0.318372	-0.491274	-0.207365	-0.067036	0.018473
1957.000000	1.028146	0.192499	-0.003666	0.038874	-0.334058	-0.503569	-0.212554	-0.068707	0.018563
1958.000000	1.044745	0.197210	-0.005186	0.039620	-0.349743	-0.515863	-0.217744	-0.070378	0.018653
1959.000000	1.066717	0.201921	-0.006892	0.040362	-0.365429	-0.528157	-0.222933	-0.072049	0.018744
1960.000000	1.089917	0.206631	-0.008809	0.041167	-0.381114	-0.540452	-0.228123	-0.073720	0.018834
1961.000000	1.110879	0.212726	-0.010903	0.041969	-0.399288	-0.553744	-0.233733	-0.073539	0.018628
1962.000000	1.132574	0.218820	-0.013042	0.042833	-0.417461	-0.567037	-0.239344	-0.073358	0.018421
1963.000000	1.153705	0.224915	-0.015316	0.043692	-0.435635	-0.580329	-0.244955	-0.073177	0.018215
1964.000000	1.173776	0.231009	-0.017859	0.044547	-0.453809	-0.593621	-0.250565	-0.072996	0.018008
1965.000000	1.194402	0.237103	-0.020643	0.045463	-0.471982	-0.606914	-0.256176	-0.072815	0.017802
1966.000000	1.231237	0.243198	-0.023772	0.046374	-0.490156	-0.620206	-0.261787	-0.072634	0.017596
1967.000000	1.257330	0.249292	-0.027213	0.047280	-0.508330	-0.633499	-0.267397	-0.072453	0.017389
1968.000000	1.283957	0.255387	-0.030996	0.048245	-0.526503	-0.646791	-0.273008	-0.072272	0.017183
1969.000000	1.318444	0.261481	-0.035110	0.049205	-0.544677	-0.660084	-0.278619	-0.072091	0.016976
1970.000000	1.355217	0.267575	-0.039660	0.050222	-0.562851	-0.673376	-0.284229	-0.071910	0.016770
1971.000000	1.387956	0.274628	-0.044721	0.051171	-0.562965	-0.681397	-0.287615	-0.077971	0.016757
1972.000000	1.423489	0.281682	-0.050258	0.052177	-0.563079	-0.689419	-0.291001	-0.084032	0.016744
1973.000000	1.474708	0.288735	-0.056327	0.053177	-0.563193	-0.697440	-0.294387	-0.090093	0.016731
1974.000000	1.506287	0.295788	-0.062734	0.054172	-0.563307	-0.705461	-0.297773	-0.096154	0.016718
1975.000000	1.543773	0.302841	-0.069710	0.055160	-0.563421	-0.713483	-0.301158	-0.102215	0.016705
1976.000000	1.570974	0.309894	-0.077571	0.056144	-0.563535	-0.721504	-0.304544	-0.108276	0.016693
1977.000000	1.618853	0.316947	-0.086516	0.057121	-0.563649	-0.729525	-0.307930	-0.114337	0.016680
1978.000000	1.664502	0.324001	-0.096184	0.058154	-0.563763	-0.737547	-0.311316	-0.120398	0.016667
1979.000000	1.709968	0.331054	-0.105370	0.059121	-0.563877	-0.745568	-0.314701	-0.126459	0.016654
1980.000000	1.757543	0.338107	-0.115254	0.060143	-0.563991	-0.753590	-0.318087	-0.132520	0.016641
1981.000000	1.800988	0.343694	-0.125520	0.061337	-0.566712	-0.759494	-0.320579	-0.132883	0.016783
1982.000000	1.841129	0.349280	-0.137254	0.062465	-0.569433	-0.765398	-0.323072	-0.133246	0.016925
1983.000000	1.876569	0.354867	-0.145814	0.063644	-0.572154	-0.771302	-0.325564	-0.133609	0.017067
1984.000000	1.923536	0.360454	-0.155605	0.064779	-0.574875	-0.777206	-0.328056	-0.133972	0.017209
1985.000000	1.963359	0.366041	-0.163894	0.065518	-0.577597	-0.783111	-0.330548	-0.134335	0.017350
1986.000000	2.006473	0.371628	-0.171919	0.066239	-0.580318	-0.789015	-0.333040	-0.134698	0.017492
1987.000000	2.050164	0.377214	-0.181288	0.066949	-0.583039	-0.794919	-0.335532	-0.135061	0.017634
1988.000000	2.108491	0.382801	-0.191341	0.067531	-0.585760	-0.800823	-0.338024	-0.135424	0.017776
1989.000000	2.156100	0.388388	-0.200246	0.068163	-0.588481	-0.806727	-0.340517	-0.135787	0.017918
1990.000000	2.191213	0.393975	-0.211376	0.068707	-0.591202	-0.812632	-0.343009	-0.136150	0.018060
1991.000000	2.228038	0.395968	-0.223678	0.069314	-0.582892	-0.813034	-0.343178	-0.136099	0.017802
1992.000000	2.252492	0.397961	-0.235409	0.069882	-0.574582	-0.813436	-0.343348	-0.136048	0.017544
1993.000000	2.270456	0.399955	-0.244575	0.069959	-0.566272	-0.813838	-0.343518	-0.135997	0.017286
1994.000000	2.299365	0.401948	-0.255406	0.070259	-0.557962	-0.814241	-0.343688	-0.135946	0.017028
1995.000000	2.338539	0.403941	-0.261173	0.070653	-0.549652	-0.814643	-0.343858	-0.135895	0.016770
1996.000000	2.371625	0.405934	-0.265760	0.070775	-0.541342	-0.815045	-0.344028	-0.135844	0.016512
1997.000000	2.390502	0.407928	-0.266953	0.070967	-0.533032	-0.815448	-0.344197	-0.135793	0.016254
1998.000000	2.439053	0.409921	-0.266538	0.071548	-0.524722	-0.815850	-0.344367	-0.135742	0.015996
1999.000000	2.477038	0.411914	-0.262837	0.071974	-0.516412	-0.816252	-0.344537	-0.135691	0.015738
2000.000000	2.498418	0.413908	-0.260000	0.072012	-0.508102	-0.816655	-0.344707	-0.135640	0.015480
2001.000000	2.524140	0.416221	-0.258270	0.071911	-0.505498	-0.818446	-0.345463	-0.129168	0.015480
2002.000000	2.557657	0.418535	-0.255833	0.072005	-0.502895	-0.820237	-0.346219	-0.122696	0.015480
2003.000000	2.599431	0.420849	-0.251119	0.072251	-0.500291	-0.822029	-0.346975	-0.116224	0.015480
2004.000000	2.628543	0.423162	-0.246324	0.072243	-0.497688	-0.823820	-0.347731	-0.109752	0.015480
2005.000000	2.659631	0.425476	-0.242379	0.072081	-0.495084	-0.825612	-0.348488	-0.103280	0.015480
2006.000000	2.694542	0.427790	-0.239880	0.072114	-0.492481	-0.827403	-0.349244	-0.103280	0.015480
2007.000000	2.726255	0.430103	-0.236827	0.072504	-0.489877	-0.829195	-0.350000	-0.103280	0.015480
2008.000000	2.761966	0.432417	-0.233805	0.072823	-0.487274	-0.830986	-0.350756	-0.103280	0.015480
2009.000000	2.788541	0.434731	-0.229969	0.073175	-0.484670	-0.832778	-0.351512	-0.103280	0.015480
2010.000000	2.825631	0.437045	-0.226902	0.073361	-0.482067	-0.834569	-0.352269	-0.103280	0.015480
